0.3 0.5
sun   0.05  4.5  ( 255 255 255 255 )
ring  0.1  0.7 ( 50 200 0 0 )
ring  0.2  1.0  ( 255 255 70 0 )
flar  0.4  0.75  ( 255 255 150 0 )
crcl  0.3  0.7 ( 255 223 255 54 )
crcl  0.35 0.7 ( 255 168 255 51 )
crcl  0.5  0.3 ( 255  0  250 0 )
crcl  0.6  0.5  ( 100  51 253  204 )
crcl  0.63 0.6  ( 255 0  20  240 )
crcl  0.65 0.35 ( 255  0  0  255 )
ring  0.67 0.7  ( 255  0  75  40 )
hxgn  0.75 0.95 ( 255  218  51 253 )
ring  0.8  0.7  ( 255  235  51  253 )
ring  0.9  1.1  ( 255  204  51  253 )

